232
202
106
212
185
207
239
232
217
215
185
201
206
148
186
228
157
225
226
242
218
208
152
193
229
245
139
168
238
235
203
198
196
199
217
229
199
213
143
208
323
194
209
229
172
251
191
201
222
234
214
428
198
178
182
331
178
206
186
191
214
288
312
211
220
143
166
148
219
214
192
212
182
327
211
281
165
216
214
207
209
289
177
186
195
185
72
180
209
198
228
162
218
200
217
207
203
182
183
198
233
137
216
192
185
220
236
282
230
170
170
215
226
234
155
192
198
218
176
188
187
150
164
192
203
211
201
188
347
240
251
172
197
213
135
227
137
233
184
197
294
336
256
317
339
184
197
213
242
269
315
225
347
193
301
183
202
191
198
163
195
144
155
231
185
233
240
216
381
211
180
222
208
323
203
249
238
233
220
188
150
158
215
214
227
168
169
179
203
150
158
220
218
308
230
193
220
211
189
177
178
202
423
190
215
218
233
240
196
240
202
196
195
312
135
202
188
199
166
203
207
229
161
177
295
179
216
185
136
180
225
194
222
207
304
226
230
202
316
271
181
216
175
184
162
211
190
207
201
202
189
190
229
195
320
218
212
212
231
123
209
225
232
195
222
310
154
286
160
184
187
113
214
230
207
188
224
243
170
150
222
179
172
245
211
183
136
189
196
197
192
209
135
342
186
235
229
205
212
220
218
185
196
199
223
164
212
256
279
243
175
233
225
247
209
197
183
200
262
170
164
144
145
188
164
201
199
249
190
216
334
152
294
226
194
190
173
343
206
180
191
187
207
93
169
160
191
201
192
180
228
198
236
202
174
158
262
189
237
200
198
194
225
313
183
227
179
226
243
163
223
171
237
187
223
207
318
172
184
176
319
134
191
254
230
213
191
244
200
227
204
217
191
187
164
223
277
216
173
219
231
175
187
277
212
225
233
311
175
185
211
193
222
143
182
351
209
214
207
200
215
190
267
225
193
200
197
211
199
205
210
209
158
203
240
167
211
209
199
183
213
193
187
165
177
200
176
224
202
215
218
190
232
188
182
248
165
183
226
252
137
140
164
196
219
236
358
195
199
206
165
380
216
204
220
175
178
289
234
216
198
188
166
189
128
219
117
229
329
168
172
273
246
175
180
332
221
208
332
124
245
201
212
213
182
192
175
221
399
219
175
54
214
330
225
332
196
223
290
195
206
552
177
167
219
130
159
212
141
226
196
244
218
190
203
205
215
186
223
190
143
207
233
231
226
220
205
145
167
184
204
208
249
179
192
142
363
332
184
312
195
187
206
202
174
194
156
172
329
185
221
223
314
225
213
158
242
215
216
228
230
150
141
290
181
208
183
64
174
266
190
224
191
169
155
208
216
255
173
233
211
246
202
191
223
198
151
148
147
152
155
188
220
208
259
219
221
186
229
231
150
214
208
172
226
155
306
219
313
187
196
214
179
227
308
225
216
126
225
208
165
197
275
193
235
220
175
207
210
430
195
181
218
209
181
127
311
150
222
191
259
191
244
215
255
314
186
201
226
207
204
480
203
290
231
94
192
214
222
170
188
185
345
157
200
227
195
215
206
298
135
193
251
172
284
222
209
169
161
195
206
220
249
227
209
199
289
356
100
225
194
195
237
189
295
212
323
223
171
224
207
236
213
148
196
216
191
194
221
193
201
130
192
192
219
189
189
198
190
168
239
238
185
188
213
192
314
237
194
177
193
258
220
221
222
230
520
200
158
201
198
162
616
188
193
210
211
195
208
170
412
206
192
185
214
170
322
127
215
331
232
224
209
214
194
193
203
151
199
212
222
281
224
158
149
208
189
226
207
171
194
249
192
239
200
227
231
233
177
172
212
182
207
213
142
203
258
202
240
197
147
137
244
204
232
90
205
197
230
364
159
188
171
133
211
212
192
234
247
205
179
213
189
199
229
181
222
231
218
210
247
216
246
198
140
188
251
211
121
219
193
195
198
212
219
214
219
225
177
215
193
225
213
172
177
185
205
199
240
231
176
197
115
190
221
339
207
240
176
238
207
224
212
204
194
191
219
198
198
172
183
194
179
315
196
204
202
201
223
228
295
181
166
207
187
202
234
241
202
222
233
194
444
226
217
214
230
133
208
213
189
199
190
163
202
197
220
244
246
183
180
362
223
181
192
190
166
224
186
196
233
348
184
202
209
234
334
197
191
201
222
255
207
179
341
207
215
221
117
385
223
232
215
254
171
195
195
233
215
198
223
202
186
135
224
216
175
284
236
173
175
206
207
229
203
184
202
207
193
205
158
192
206
201
160
328
240
156
238
209
167
205
175
216
206
231
224
316
204
256
193
205
198
151
307
218
235
161
157
219
181
241
174
221
227
251
187
228
150
230
206
246
204
222
191
204
206
175
190
202
199
226
185
244
224
154
209
205
231
199
213
212
208
212
178
164
203
221
200
203
232
472
187
432
176
179
222
219
192
180
283
321
231
463
219
136
230
205
146
169
204
186
213
179
163
215
213
204
205
188
230
229
171
212
281
192
244
211
291
354
246
181
191
235
180
169
196
222
218
233
202
190
206
195
321
154
194
191
229
205
226
193
209
196
149
467
234
203
185
212
260
228
230
171
226
160
190
204
208
195
241
218
132
225
215
230
200
178
216
337
171
215
282
338
196
186
213
169
181
196
222
216
199
198
207
221
226
228
209
159
192
191
109
248
245
222
205
242
281
194
204
202
194
168
205
161
270
193
182
226
138
186
199
175
113
207
183
184
213
209
184
218
190
211
203
208
191
207
197
147
167
218
218
150
186
240
159
199
224
178
199
213
191
199
206
233
215
233
175
216
178
241
202
208
224
202
215
176
138
203
225
177
178
210
207
192
209
232
217
169
192
166
192
315
183
244
244
195
320
355
186
198
211
197
181
228
180
224
168
244
208
178
170
211
172
185
194
203
219
111
161
185
312
206
198
176
236
241
212
181
153
210
232
235
153
205
230
217
218
150
201
151
234
153
176
201
235
188
214
229
197
234
192
192
225
216
172
207
220
222
107
199
203
254
112
211
168
200
164
182
238
224
169
308
234
335
114
158
171
189
230
238
208
203
235
194
142
192
144
231
332
200
192
231
188
214
226
269
310
226
216
211
201
209
240
232
218
240
188
179
235
228
150
210
228
174
219
185
174
200
392
239
159
228
207
257
217
204
168
311
236
238
317
141
201
221
221
183
192
205
207
189
235
187
182
241
55
187
169
235
219
132
319
217
195
186
238
232
177
221
165
201
214
315
339
181
197
212
186
164
197
241
247
124
185
190
197
249
145
213
219
211
206
215
166
137
178
215
216
194
200
230
225
188
202
208
193
217
164
187
173
228
200
184
225
135
243
224
66
218
185
216
156
217
233
163
204
223
225
222
187
247
314
235
249
195
199
194
232
208
225
226
275
217
183
213
220
232
216
297
235
183
187
216
208
307
187
140
154
143
247
210
196
224
212
172
177
204
171
200
230
200
204
204
204
172
162
196
301
235
182
239
183
213
227
194
147
222
228
234
168
193
206
195
263
378
206
245
213
178
164
256
210
115
189
152
216
219
276
219
187
205
201
141
191
174
195
233
312
282
203
208
209
175
227
312
320
208
178
200
216
207
199
156
200
197
187
257
221
188
188
214
113
174
177
236
202
172
233
215
157
179
208
188
212
110
158
164
204
207
181
269
221
213
221
152
208
215
335
185
153
192
171
203
192
349
214
162
205
165
202
163
175
255
160
189
316
211
225
183
154
193
185
190
219
205
196
154
195
234
221
189
178
228
220
195
232
222
134
199
213
206
180
188
170
186
188
201
214
153
217
228
188
195
175
223
225
162
220
185
197
293
167
257
232
216
158
247
218
190
199
206
236
207
191
365
153
221
169
172
184
208
187
176
431
162
220
222
168
151
240
194
75
212
197
212
212
208
224
199
197
201
203
205
149
216
208
229
204
197
564
176
180
338
207
174
195
169
195
158
217
159
238
221
96
201
177
139
207
238
194
222
206
120
162
232
328
206
184
192
206
237
220
207
207
306
197
208
305
176
225
260
211
179
215
199
316
196
346
213
174
193
221
207
253
134
234
202
218
312
196
251
209
170
199
190
173
200
243
240
144
220
125
185
187
194
177
237
224
188
181
223
168
223
143
163
191
298
150
192
109
203
219
222
239
204
229
228
207
215
191
238
219
198
313
236
216
248
187
354
173
210
124
208
237
199
118
175
196
220
184
232
231
173
189
234
240
312
235
209
185
205
191
133
266
161
139
321
240
418
220
245
205
203
216
236
202
185
143
135
157
163
181
191
212
206
179
141
212
196
218
173
129
308
176
211
177
77
181
196
193
411
183
214
226
191
209
225
180
206
199
133
243
178
244
231
231
259
218
359
221
232
206
188
174
218
122
241
167
195
225
280
189
198
189
176
194
228
189
217
314
226
221
227
215
202
225
144
193
211
222
172
203
182
240
223
225
191
255
196
339
208
192
202
224
210
160
272
172
210
207
202
216
211
193
190
208
216
232
299
196
228
196
224
203
245
196
210
186
229
200
206
203
218
195
174
237
181
217
189
134
155
202
229
208
209
206
193
326
203
199
218
201
190
202
183
227
240
213
220
231
130
358
219
223
226
241
223
330
439
159
204
197
178
198
216
226
176
349
136
217
109
207
221
168
300
213
219
265
228
230
234
315
227
192
189
236
197
208
236
188
179
191
178
202
199
229
238
226
170
228
202
238
159
232
206
210
188
180
148
219
210
184
309
189
175
179
197
226
216
231
178
303
162
201
242
225
196
210
219
332
186
187
321
183
220
177
336
217
202
244
209
226
194
214
170
207
209
191
237
199
125
203
223
265
206
197
159
181
154
226
207
213
237
194
149
193
191
207
209
200
218
356
156
221
199
188
223
212
244
167
227
204
188
216
195
241
306
185
165
164
215
201
209
291
188
198
52
191
222
190
213
245
201
233
225
193
214
163
187
198
204
222
249
247
205
183
180
195
201
167
198
174
173
219
162
178
203
141
193
208
201
223
300
152
188
196
189
238
217
232
203
181
180
429
220
209
166
159
171
220
308
161
332
217
225
229
207
186
228
279
178
484
201
198
323
225
184
125
289
137
204
312
197
242
191
211
185
341
209
310
350
217
350
202
208
178
183
170
165
278
198
155
223
168
257
204
190
208
186
190
212
205
213
220
166
220
171
216
200
228
211
141
194
254
208
214
207
194
213
314
304
212
203
203
118
196
191
142
217
237
450
182
214
327
170
227
176
183
228
229
211
196
248
172
245
194
199
193
165
165
180
200
176
236
184
207
181
319
197
131
215
181
199
211
203
181
182
221
171
200
176
233
189
237
220
189
161
120
225
246
206
206
227
217
234
215
162
243
234
236
190
218
254
176
171
228
223
170
170
183
224
206
205
183
180
210
351
191
191
187
196
200
241
192
234
237
192
187
180
351
226
216
229
173
253
191
208
245
199
347
180
291
101
181
222
212
197
237
210
197
158
186
206
334
215
311
160
321
220
205
229
191
144
232
189
202
237
176
223
224
180
226
215
316
168
170
170
338
181
199
242
208
190
221
231
191
180
171
192
185
221
230
222
170
214
186
158
398
307
154
324
217
231
227
177
198
197
234
228
199
202
218
219
182
325
226
213
168
348
223
110
186
190
242
238
199
213
196
259
194
143
225
193
130
126
207
220
328
211
166
226
195
237
173
232
156
203
181
204
166
220
195
209
192
182
296
171
220
199
225
207
202
340
205
243
321
180
218
175
203
239
307
239
209
196
164
198
335
216
207
193
246
218
247
203
221
231
212
171
177
208
227
154
189
184
191
221
183
152
194
180
227
200
217
265
54
210
191
198
206
237
175
157
253
230
196
156
231
216
192
185
225
239
186
211
197
193
246
180
234
234
157
241
225
166
212
221
215
192
324
140
210
199
229
221
182
186
227
233
199
196
164
163
240
182
225
191
192
243
208
223
247
224
184
230
166
196
236
205
186
232
288
327
304
248
231
234
212
193
282
183
218
197
299
196
258
199
158
221
223
363
344
208
195
239
217
242
179
187
160
223
302
319
207
197
171
219
230
208
186
222
170
225
216
189
232
198
178
155
212
167
177
219
189
179
202
189
322
187
145
211
241
206
208
194
206
238
188
221
203
185
191
246
165
327
231
227
205
178
187
316
236
217
226
185
171
175
144
207
189
197
205
175
184
210
227
219
220
272
223
219
177
190
187
195
194
160
178
227
190
231
160
212
202
209
154
205
232
215
187
141
198
214
225
191
216
200
253
202
207
210
351
239
174
179
143
196
225
180
150
212
226
149
233
198
149
189
168
167
225
211
190
139
195
218
219
167
187
205
182
255
244
209
145
167
184
201
297
193
211
204
207
149
222
229
241
187
311
196
162
204
246
268
235
160
201
201
184
200
237
223
254
209
177
246
181
194
227
192
163
281
118
220
195
181
227
349
178
203
319
154
166
226
217
195
326
152
184
282
182
226
226
193
237
219
207
199
210
205
200
200
302
206
222
422
181
232
121
215
257
183
221
192
162
222
208
455
147
203
207
203
160
193
194
204
196
150
188
224
314
212
201
190
227
235
214
212
162
63
227
199
247
207
251
223
259
212
198
130
173
356
200
178
310
211
180
233
182
229
291
176
202
185
197
219
205
167
312
254
240
166
184
255
226
202
218
180
225
198
221
178
246
215
228
189
211
196
326
217
174
188
218
178
203
322
285
190
219
241
306
204
148
177
195
195
195
213
200
289
199
196
159
245
224
197
487
183
323
343
235
221
137
204
254
175
203
338
55
253
203
209
193
192
179
209
154
240
220
110
240
219
174
198
203
209
197
221
181
241
185
178
223
198
191
214
217
157
213
211
207
177
213
201
187
237
205
175
183
230
153
221
215
317
435
214
237
160
241
180
186
229
228
244
228
213
205
207
209
175
125
224
196
194
225
219
319
230
155
282
333
203
214
209
283
176
214
307
209
213
221
213
255
227
240
166
195
218
264
225
294
186
208
166
170
312
188
229
192
211
172
308
235
231
204
122
221
222
212
207
218
169
189
194
217
186
228
199
206
182
144
206
209
191
214
214
209
220
125
210
209
260
259
345
189
241
166
138
284
210
422
173
188
325
190
51
306
198
196
225
196
213
219
211
178
203
299
303
236
214
188
204
213
184
207
224
196
229
167
311
199
251
177
176
274
191
303
231
231
228
226
223
209
346
198
213
161
139
212
179
217
214
321
217
228
388
198
162
216
211
226
206
161
208
198
198
232
236
199
165
212
186
270
216
219
214
126
210
181
212
183
192
193
230
215
216
221
212
214
221
213
121
126
148
238
212
237
178
340
157
201
192
172
210
210
141
227
209
238
232
226
202
210
212
238
254
169
245
243
375
206
226
165
196
209
185
205
210
187
206
221
205
248
154
234
212
186
218
238
191
209
211
202
184
183
214
206
317
237
208
238
215
196
211
203
202
171
226
84
189
141
178
173
220
221
194
201
256
215
234
223
190
202
202
170
289
202
153
301
216
185
197
194
165
197
180
183
202
263
273
175
177
327
197
315
203
237
197
191
286
236
354
173
63
204
183
225
192
175
324
209
221
160
228
175
122
196
228
213
200
171
188
226
280
206
304
190
197
171
180
211
198
174
219
220
217
158
322
187
218
181
168
203
336
196
336
217
223
201
219
228
229
201
232
235
175
325
185
173
210
243
213
182
236
204
229
143
205
187
214
194
216
222
185
199
234
181
566
206
171
211
184
204
341
239
111
327
245
176
357
212
159
217
324
192
216
201
182
204
229
411
509
190
171
153
246
190
252
216
227
198
227
178
189
215
244
108
208
229
200
149
214
233
228
319
338
237
186
224
218
169
226
196
195
221
216
307
209
225
179
241
213
195
173
209
257
165
337
326
145
215
189
170
192
174
333
230
292
214
181
160
202
134
173
104
202
186
202
203
174
206
186
244
163
207
220
232
231
289
194
243
149
215
190
193
223
182
190
243
175
241
233
216
198
185
229
193
207
153
196
176
215
180
154
141
213
196
217
227
149
229
258
290
156
195
200
211
205
216
159
216
248
224
176
215
169
206
309
246
228
168
215
201
207
249
212
165
218
190
181
167
213
228
230
215
251
200
217
202
331
215
216
216
240
135
192
290
197
221
201
181
207
239
157
182
149
201
188
191
228
176
443
187
242
178
146
178
154
384
204
158
190
200
165
175
214
162
148
178
213
226
212
227
152
238
162
196
176
200
201
145
174
136
212
200
233
169
217
217
238
138
185
89
200
218
185
211
199
315
181
199
208
172
198
166
152
192
154
342
161
219
235
334
173
230
120
208
184
102
181
156
238
262
203
208
198
203
319
183
205
165
249
228
189
191
179
194
202
225
217
282
214
219
158
227
199
360
221
325
159
221
213
162
161
179
131
185
226
234
208
203
202
164
145
240
216
203
235
208
221
208
224
203
186
232
470
264
123
193
195
204
189
196
203
265
177
192
182
230
167
191
185
199
154
212
296
205
186
218
235
223
377
196
197
210
363
186
181
193
370
206
251
138
211
138
182
100
102
204
224
213
214
205
253
191
184
234
293
178
185
232
219
253
149
192
189
257
193
209
221
151
206
198
187
224
220
228
177
309
195
194
203
193
213
216
206
176
180
242
182
311
203
194
236
211
224
192
230
214
169
336
240
69
242
150
193
157
150
170
196
418
214
211
225
215
187
203
227
202
224
208
184
208
143
245
199
200
129
203
215
222
203
191
193
217
170
182
239
198
235
203
173
208
247
156
185
292
127
233
181
187
222
166
187
198
249
240
219
190
183
199
228
137
288
314
243
193
228
178
155
238
155
161
209
216
180
193
233
222
217
221
205
221
176
244
148
249
235
219
136
194
218
237
194
179
343
247
233
175
316
230
209
211
293
220
195
249
236
250
135
233
300
207
193
175
254
178
234
208
234
198
318
154
333
240
137
217
231
216
220
206
245
194
210
155
139
186
321
161
190
172
108
238
302
204
244
215
217
193
198
227
227
216
180
323
203
215
173
104
217
156
216
313
177
213
188
381
196
237
224
196
190
203
182
215
202
199
201
206
228
211
184
180
193
202
207
189
184
180
248
198
217
213
166
172
179
222
185
228
185
345
224
217
218
233
211
180
206
255
180
169
184
200
239
187
147
172
216
194
225
201
309
145
183
202
221
187
249
225
155
240
199
170
164
192
153
176
165
193
225
125
288
232
229
252
236
255
185
152
110
178
309
156
214
202
203
179
323
151
169
174
334
220
261
216
237
154
203
193
123
152
235
214
186
187
212
177
195
133
234
316
311
195
230
213
217
236
237
235
203
213
240
221
434
223
231
199
165
215
143
175
198
193
207
190
344
228
143
162
335
166
196
195
240
184
215
177
202
223
228
180
197
200
226
325
228
342
210
207
246
216
192
280
210
117
234
222
170
218
236
223
133
233
197
224
215
276
132
198
218
211
222
135
235
222
196
167
215
243
153
313
176
128
210
215
221
199
193
201
230
179
182
194
193
209
319
339
229
345
195
238
240
179
149
191
234
191
187
192
192
228
184
204
197
189
247
264
169
140
218
169
219
199
187
216
172
194
184
220
194
199
235
204
223
207
178
191
137
196
148
208
182
219
200
153
206
216
158
224
170
172
205
232
202
229
169
186
215
221
201
201
184
225
189
147
122
210
193
162
202
199
230
214
137
208
192
168
205
236
210
210
212
173
330
184
178
284
201
315
245
181
205
287
169
206
210
298
244
181
501
222
234
188
195
107
198
183
345
183
235
303
241
221
349
161
187
213
222
205
356
209
184
158
317
198
191
222
183
199
305
189
223
181
179
198
173
216
180
220
219
185
275
164
157
194
214
176
212
208
190
143
187
197
226
205
173
189
137
345
183
190
195
240
226
196
185
201
315
230
173
325
216
416
174
189
112
182
185
217
195
182
165
118
188
280
210
146
221
149
205
152
231
238
215
357
209
323
246
160
249
196
224
190
318
204
227
232
186
192
245
207
161
213
156
271
186
234
182
302
214
199
158
207
180
188
198
218
234
209
214
217
200
213
52
200
212
189
199
150
339
179
224
330
217
215
190
175
193
172
208
369
202
222
168
318
179
200
196
193
134
208
188
132
230
190
186
214
205
229
162
409
203
184
215
133
113
342
186
234
207
256
223
222
113
149
227
188
221
231
213
199
174
231
225
155
208
161
180
208
233
167
209
225
216
231
235
188
209
321
213
217
208
206
206
218
181
282
208
196
169
214
184
223
156
176
242
208
186
188
209
448
200
170
236
220
107
174
101
179
157
206
228
209
227
236
145
178
196
189
191
247
216
190
210
221
185
216
213
172
214
194
185
218
222
176
239
164
213
209
176
141
282
188
188
215
319
187
187
194
177
206
262
219
212
233
178
215
202
337
231
222
151
184
212
205
198
235
310
212
503
86
226
183
201
172
187
180
160
144
159
239
209
260
203
234
162
207
207
199
227
168
219
194
170
179
212
141
218
339
215
206
187
326
305
217
169
226
186
175
233
108
190
326
258
213
184
178
188
246
344
178
166
162
228
215
220
214
189
197
244
197
60
198
318
205
188
166
235
309
170
187
134
207
257
160
233
182
299
158
209
194
192
145
197
201
313
194
349
214
218
203
253
54
146
185
55
231
204
179
182
307
213
155
202
350
194
250
170
143
177
264
194
67
179
273
190
188
224
197
178
151
213
181
219
204
246
216
190
202
260
197
221
217
187
160
179
185
328
319
215
129
159
265
137
200
223
241
190
355
221
184
143
305
161
217
191
240
244
209
214
234
184
231
238
144
227
154
167
191
206
170
237
182
186
204
203
208
228
165
180
167
127
201
215
232
215
192
229
183
110
224
216
233
209
215
420
191
191
195
199
184
207
192
192
184
226
214
172
238
190
165
211
185
230
203
199
130
154
173
205
174
201
219
186
226
206
183
270
302
167
284
391
234
220
352
199
202
243
154
348
232
236
225
163
183
212
204
173
169
191
172
189
202
237
276
192
219
221
203
174
364
199
216
214
179
226
241
155
182
193
188
206
183
259
205
214
235
226
217
207
183
234
183
162
180
227
174
188
225
318
151
216
240
203
229
180
189
119
58
218
169
185
182
204
184
199
159
233
224
187
180
171
205
185
252
303
241
160
223
236
200
187
215
202
206
199
303
332
222
191
139
227
203
180
188
186
205
193
236
192
212
156
189
168
248
149
345
212
206
188
223
232
215
219
217
161
174
160
230
238
175
203
222
200
255
195
183
227
125
206
209
218
326
188
178
181
228
326
187
218
197
244
182
197
176
135
207
219
214
173
168
194
309
239
226
171
216
201
188
174
148
213
226
240
197
198
201
211
192
207
225
139
192
213
211
178
200
241
171
205
170
231
200
185
203
209
193
229
228
177
206
286
318
202
235
211
231
173
354
131
109
209
209
222
226
181
183
317
203
159
432
196
213
182
162
212
207
371
221
219
229
215
203
160
214
224
260
242
270
320
199
205
107
199
221
179
235
207
202
213
132
219
193
190
182
208
200
243
240
148
218
130
188
218
323
181
215
333
140
198
168
169
245
247
185
207
186
150
160
198
141
228
200
167
296
219
316
199
300
165
128
258
184
189
226
331
145
227
353
181
125
429
196
195
121
229
237
200
194
149
179
193
182
205
174
228
212
315
178
211
216
239
167
243
290
208
213
202
159
178
244
216
165
223
225
175
209
193
297
179
173
165
216
309
225
220
170
208
240
196
212
237
231
203
168
333
145
198
218
235
190
340
237
187
190
218
196
181
240
156
232
196
168
117
187
234
116
192
191
225
187
254
169
198
205
214
223
186
195
348
153
235
178
208
213
229
214
201
246
301
149
183
226
213
221
205
204
294
195
168
209
184
277
214
170
210
328
140
166
203
190
237
196
257
164
172
187
204
224
330
170
214
319
137
198
218
233
198
215
232
161
226
197
159
230
427
223
207
217
180
412
217
201
231
201
160
240
160
204
229
197
176
196
179
232
203
219
205
91
190
196
164
217
207
200
205
218
230
195
221
221
239
296
195
256
209
208
223
197
180
197
214
201
220
201
159
178
176
206
234
190
231
181
203
244
225
182
236
290
216
190
201
231
173
235
236
250
194
198
204
201
177
162
174
226
154
169
112
191
188
152
195
150
224
194
160
201
220
221
227
189
235
189
206
183
472
231
137
159
175
158
203
152
219
209
308
208
213
239
166
219
211
210
222
196
211
208
194
184
169
322
239
203
219
207
203
225
228
230
220
175
243
289
216
201
245
186
198
206
223
163
150
162
168
329
235
166
247
140
199
194
321
225
187
177
205
236
239
227
223
175
206
220
193
203
198
186
300
176
303
222
173
166
237
223
242
232
233
207
199
195
193
220
231
178
230
165
175
168
254
194
218
229
310
232
372
145
148
237
205
184
171
211
175
185
182
204
192
180
147
222
343
191
214
136
173
205
200
163
215
211
212
223
344
239
196
219
180
216
220
185
205
139
207
200
203
223
198
223
217
200
247
172
206
178
334
210
212
224
216
188
191
141
222
231
210
202
186
172
192
331
233
273
198
195
234
204
156
221
211
207
197
207
198
164
194
179
144
215
167
214
304
178
216
327
245
172
216
186
209
238
205
221
241
155
229
241
307
161
225
184
202
196
216
253
75
215
200
205
207
199
202
205
289
231
225
179
179
238
172
183
166
232
184
207
222
225
209
289
169
214
237
227
220
200
223
178
197
179
180
200
242
186
221
204
191
230
231
210
212
216
177
187
203
310
220
202
191
170
195
206
187
222
227
171
202
192
308
175
171
190
342
191
317
211
231
215
207
201
320
245
177
322
173
187
200
229
171
196
182
159
195
370
197
238
181
250
217
214
180
191
232
196
274
171
188
145
225
182
220
207
203
217
145
145
180
200
197
207
204
228
200
225
176
182
160
206
204
305
321
189
186
249
195
207
240
188
189
196
177
212
331
209
201
183
190
160
290
193
191
181
237
215
170
166
209
208
208
203
382
200
162
181
219
162
192
508
187
229
209
196
219
215
185
201
311
212
202
123
164
229
225
372
236
215
165
234
222
180
241
179
228
204
311
228
187
201
196
343
149
181
218
245
297
185
195
218
207
229
184
222
197
310
172
221
217
183
192
190
250
231
227
191
193
221
297
203
159
215
208
196
299
198
307
173
164
211
179
184
197
195
161
187
215
291
214
247
224
237
208
128
205
209
165
178
222
204
177
171
159
199
201
205
181
201
200
215
226
187
194
211
208
183
131
214
175
212
200
246
231
210
193
165
161
181
405
245
305
215
177
173
199
171
208
198
116
207
174
237
244
166
229
190
325
189
226
205
293
218
240
209
191
198
219
214
333
241
204
222
185
234
168
232
213
234
160
201
240
233
187
234
204
207
217
229
149
161
349
205
228
181
274
201
192
198
204
189
181
175
247
492
175
166
191
155
196
227
222
300
186
187
213
220
230
235
171
231
200
344
271
215
238
229
182
209
197
190
177
226
211
211
225
153
353
218
210
184
224
221
218
196
217
223
225
230
202
223
290
211
205
209
190
318
208
179
195
226
206
217
213
169
234
234
202
196
212
239
212
215
207
219
198
198
173
223
241
205
195
225
242
216
192
234
151
178
211
226
186
216
201
245
224
228
250
260
128
198
177
202
192
162
186
184
349
206
215
165
112
189
218
211
190
258
227
234
222
199
214
216
223
206
193
202
232
210
348
207
234
225
229
327
180
195
233
227
204
226
183
195
204
229
218
155
192
181
172
252
222
264
192
206
340
197
198
213
227
138
184
172
130
215
203
213
261
213
197
214
135
168
248
210
214
226
185
207
218
203
226
313
196
200
213
176
312
241
180
245
218
167
195
299
241
242
257
197
215
263
187
232
185
201
316
249
205
189
203
242
210
233
176
187
349
223
145
253
172
217
187
218
177
188
156
190
190
288
242
196
155
194
190
204
211
179
186
230
176
196
169
145
211
259
264
195
267
236
210
232
224
227
206
443
232
340
230
113
179
243
209
231
225
202
217
213
188
202
231
245
439
147
198
205
178
193
224
208
218
206
231
165
171
355
193
115
211
270
200
239
234
165
179
211
142
163
286
326
207
301
149
239
209
192
186
201
224
284
215
356
215
199
179
199
214
233
174
169
234
197
206
193
185
194
192
189
232
189
189
180
190
239
236
177
261
206
222
213
222
191
198
200
215
145
199
132
194
168
233
146
207
201
190
185
384
186
236
198
219
221
223
252
199
196
173
200
210
204
231
197
194
209
167
306
191
225
207
223
196
169
312
202
208
198
75
200
195
184
230
150
192
222
177
171
163
189
242
168
134
174
231
187
189
231
203
202
223
212
231
185
186
226
187
141
233
209
223
334
207
199
218
312
198
212
193
209
167
181
224
196
210
202
189
190
158
348
181
171
327
195
229
241
180
206
213
239
187
179
178
189
208
163
222
340
185
230
172
171
210
190
199
226
248
211
204
201
203
220
220
217
199
230
156
203
208
201
162
224
174
148
302
206
179
192
225
199
229
211
204
305
212
174
127
199
218
204
122
161
173
206
194
217
227
217
219
167
319
224
214
166
162
211
188
207
237
207
204
180
171
204
189
191
215
122
290
171
312
354
194
214
338
201
175
206
176
204
216
169
189
160
189
216
182
156
196
186
185
195
158
186
216
194
252
209
306
239
189
182
182
217
201
219
246
180
171
194
245
157
199
199
150
349
196
200
156
300
186
445
218
180
196
196
192
224
181
195
170
251
226
207
168
172
200
173
218
176
193
221
147
215
195
223
175
196
176
175
286
239
201
203
223
224
234
247
233
201
222
553
161
226
171
124
262
175
203
339
196
171
343
193
199
191
214
231
226
192
218
321
172
210
244
138
205
159
152
319
61
214
217
177
208
191
213
235
104
227
189
306
192
211
254
217
235
157
191
233
179
209
212
155
180
220
209
222
228
207
187
181
207
197
288
168
203
226
242
355
188
245
215
339
196
174
207
208
194
216
221
213
204
220
189
187
181
280
156
209
207
344
192
208
162
222
214
210
161
215
105
196
203
234
157
171
335
215
191
350
121
192
202
190
219
226
261
194
165
212
220
106
157
235
252
175
229
167
226
238
220
149
197
244
125
146
220
206
160
185
195
212
220
175
198
193
218
128
287
343
206
164
157
209
162
190
200
203
209
346
176
176
317
190
188
184
316
165
201
186
170
238
226
209
196
187
192
208
246
224
199
171
299
198
306
222
175
171
237
194
211
207
204
224
201
197
186
215
183
224
207
253
308
196
246
173
152
232
200
189
208
209
199
172
188
212
219
183
213
230
152
346
156
213
318
233
215
208
199
241
330
177
194
261
167
214
215
193
197
207
210
347
174
177
228
204
181
237
235
237
232
185
307
214
298
214
215
221
204
183
199
225
169
172
170
211
222
160
340
215
157
220
197
420
221
193
219
196
176
189
232
222
203
218
226
169
263
234
232
218
197
216
228
162
260
205
220
291
448
199
190
154
221
174
177
232
162
209
194
221
248
213
195
193
163
243
225
130
209
228
232
279
220
209
192
266
155
242
176
227
170
222
200
214
198
182
153
195
224
141
214
228
198
197
152
176
229
230
225
254
185
194
174
194
344
184
165
226
141
207
145
188
185
232
200
228
226
222
206
309
249
175
220
223
145
219
222
195
173
169
186
168
268
214
217
152
187
204
315
111
232
190
190
221
132
200
205
190
212
206
213
197
172
182
219
225
211
159
206
218
220
143
198
199
141
175
300
174
233
208
161
207
231
224
210
193
200
198
242
240
245
232
227
217
123
174
135
207
229
181
219
177
205
222
210
225
197
226
203
191
212
220
222
161
356
204
172
228
341
296
172
293
224
235
183
209
294
343
230
206
136
244
173
156
224
141
229
341
196
202
191
227
184
219
274
228
181
217
226
232
152
300
168
327
189
190
338
194
214
342
244
200
209
177
194
197
201
183
156
218
135
123
227
118
187
227
194
211
212
174
209
181
244
218
155
193
157
151
180
225
150
264
199
171
221
213
192
151
175
249
170
149
216
226
209
120
217
182
217
319
221
121
162
214
186
236
223
215
240
159
211
194
288
358
196
186
214
197
233
291
304
201
209
203
210
205
217
195
128
159
219
222
181
153
192
220
280
195
229
158
242
191
210
218
177
188
208
196
209
192
208
219
230
243
160
215
225
217
182
197
188
202
184
217
222
191
251
146
237
186
247
142
162
215
187
194
242
189
181
192
183
233
195
241
209
194
208
156
304
246
307
194
212
215
218
156
202
215
230
216
220
171
226
234
219
171
197
344
209
246
177
190
155
216
205
189
191
234
223
203
179
175
205
130
202
247
327
245
143
188
302
209
198
224
211
237
193
171
263
180
176
204
314
231
178
219
247
221
192
248
223
196
236
135
224
174
203
205
216
209
214
309
227
136
195
185
221
331
194
176
199
212
209
218
199
192
219
327
178
201
221
224
205
177
219
173
220
170
198
142
310
194
192
126
299
315
179
228
224
222
190
217
226
195
157
191
204
221
203
225
221
358
216
205
211
204
192
150
221
183
190
145
228
237
189
243
335
227
180
184
191
231
203
167
181
217
174
238
221
197
222
204
310
134
121
206
238
153
189
207
190
210
234
198
169
236
189
361
200
191
231
170
252
217
222
231
171
210
164
203
214
214
200
346
190
162
172
197
196
202
179
217
141
180
228
235
184
179
209
202
161
301
207
470
244
189
442
281
276
196
219
203
171
213
203
216
201
201
104
189
280
189
203
204
180
159
211
145
481
238
168
161
200
173
225
204
228
183
401
210
211
224
225
228
151
220
224
336
192
142
175
195
102
186
230
163
313
174
220
177
233
307
205
204
212
208
216
218
186
238
180
326
315
162
220
351
159
176
341
218
227
290
232
211
192
203
230
231
210
186
215
216
301
277
208
224
197
183
180
233
229
221
239
147
189
212
178
137
211
153
199
215
197
172
209
217
149
217
210
235
223
213
185
116
207
163
180
208
197
192
208
217
230
209
330
238
187
215
189
236
198
185
187
217
252
241
185
171
323
211
221
187
158
189
210
240
200
217
182
224
255
147
197
212
218
215
213
236
232
221
212
207
224
205
214
226
242
188
211
208
310
303
212
206
199
202
188
313
219
240
241
184
175
213
171
196
241
214
237
218
429
327
228
196
206
192
303
173
194
215
223
231
192
224
233
238
226
176
203
206
191
211
234
221
208
229
207
314
190
190
228
189
190
181
210
201
198
143
167
230
211
215
194
228
182
178
171
167
249
207
196
201
239
211
185
308
203
209
176
224
204
149
220
201
205
164
201
220
235
479
157
196
89
229
149
187
145
131
216
154
223
206
323
245
205
195
217
210
224
337
137
220
250
184
166
218
212
192
216
208
188
210
168
193
178
195
250
187
204
190
179
195
582
286
142
201
229
213
216
152
195
194
207
206
178
196
203
153
201
152
238
159
237
217
216
215
158
153
216
195
375
237
206
192
205
207
183
236
207
324
214
221
206
204
241
193
242
221
222
240
188
226
230
194
222
188
174
153
185
186
221
211
149
193
239
210
356
235
219
218
210
194
185
185
182
182
205
236
163
184
229
239
236
206
184
189
179
218
217
208
234
167
220
169
192
235
233
173
186
301
188
218
225
230
150
189
225
185
211
138
205
323
344
227
205
189
194
199
218
177
214
218
193
177
212
169
171
189
198
201
182
156
166
207
251
209
196
176
185
267
219
191
217
208
202
215
165
196
183
201
212
190
175
205
196
219
220
341
215
202
264
201
173
242
220
186
154
229
240
179
217
220
220
195
192
221
223
190
108
212
300
187
157
236
120
154
372
172
140
173
166
235
198
217
200
219
180
236
166
160
183
202
184
210
215
189
182
196
205
202
192
213
299
197
236
177
201
327
215
176
224
319
222
253
225
148
333
231
183
184
205
346
194
241
213
224
203
216
142
213
201
233
144
182
311
228
220
212
277
264
170
214
204
171
188
163
216
196
189
220
219
193
334
199
202
201
215
177
176
205
186
184
175
214
205
237
175
183
63
342
146
202
202
188
406
150
176
178
201
186
185
221
177
200
209
219
206
118
224
209
184
265
165
320
147
227
191
256
212
227
199
164
186
195
208
179
233
138
174
208
181
324
198
220
178
206
139
238
242
220
183
337
171
242
210
173
253
221
180
139
138
172
208
178
230
205
235
219
164
210
222
177
174
229
228
217
198
218
189
147
194
228
215
240
166
175
167
207
235
152
184
210
308
224
173
250
225
229
300
341
195
244
204
219
344
205
283
208
200
207
177
230
236
191
183
202
178
163
214
294
192
206
231
189
179
248
231
182
189
222
182
198
230
109
237
131
334
199
222
224
208
222
210
224
94
298
201
230
246
228
188
186
210
207
206
196
332
185
199
174
207
218
228
196
196
192
209
241
212
225
272
209
184
338
202
227
174
238
180
149
247
224
248
214
227
189
150
209
186
199
207
360
245
195
169
206
212
179
222
234
121
150
196
210
202
222
183
242
152
193
188
221
155
214
157
157
162
197
201
179
333
192
229
235
213
230
171
207
205
216
217
305
186
189
248
201
337
175
186
353
183
202
227
171
189
223
166
189
277
237
150
186
221
191
215
345
202
204
234
225
227
182
170
205
179
207
167
175
197
196
164
173
186
180
332
184
309
208
211
192
206
219
219
213
204
206
195
186
187
208
150
194
159
156
148
180
248
172
93
224
197
224
218
199
188
226
136
197
149
236
215
205
188
205
231
195
301
219
228
253
195
204
145
245
345
161
244
206
138
207
191
193
299
214
218
223
190
249
197
216
213
242
427
340
215
206
225
202
337
191
196
184
197
320
221
131
233
205
210
225
183
202
145
212
172
213
172
220
221
210
160
230
249
164
220
196
242
155
188
242
210
194
192
244
176
184
98
187
185
233
191
210
251
186
130
338
109
219
159
169
195
190
138
239
169
232
155
178
176
201
219
233
189
172
190
240
208
328
194
180
203
196
212
176
221
194
158
202
216
206
207
218
193
166
177
169
209
230
225
174
334
174
193
173
228
417
179
317
203
216
203
188
209
226
221
203
201
198
448
193
236
184
229
229
251
219
182
313
206
232
214
211
239
324
171
237
165
214
219
241
213
324
205
192
177
226
172
234
217
203
219
158
196
182
228
125
232
201
187
168
207
186
324
183
189
137
208
214
117
184
229
224
202
162
217
174
222
167
153
181
184
217
210
205
179
328
209
172
188
193
215
222
208
226
197
221
185
182
218
197
206
394
236
349
253
180
163
198
187
175
330
196
340
212
197
157
229
258
191
189
215
202
184
186
203
188
253
327
173
214
179
177
225
175
141
210
208
212
237
119
188
217
175
303
198
225
227
149
197
203
189
225
180
185
182
216
208
211
174
175
192
79
404
249
190
215
110
250
131
175
214
154
154
206
217
199
220
231
191
198
220
237
241
162
263
243
218
211
185
192
185
333
205
192
220
214
194
214
243
234
183
190
237
225
188
225
221
193
216
213
229
213
196
149
218
227
181
193
250
315
149
169
377
215
229
190
186
181
181
159
190
191
197
189
170
221
228
150
190
219
235
172
199
226
148
185
229
211
220
236
181
206
213
212
161
192
248
184
224
233
194
243
204
178
235
223
180
163
183
221
271
219
192
175
162
254
197
197
165
203
192
216
320
205
199
161
188
227
191
188
205
215
429
229
197
242
174
218
218
218
247
221
210
159
189
244
199
205
170
137
194
133
174
155
174
217
422
225
203
213
231
159
157
136
197
178
190
306
214
161
183
208
253
248
193
217
178
299
207
205
193
143
195
195
305
316
231
228
234
189
253
251
186
196
163
155
194
195
204
205
213
241
250
209
211
174
228
226
222
191
190
70
198
232
213
201
154
244
177
200
190
217
211
218
198
193
215
195
180
233
234
222
232
231
225
211
214
137
357
218
203
177
202
236
197
186
153
201
134
198
157
217
184
211
203
356
142
180
334
195
218
230
486
233
196
235
246
164
205
205
172
221
234
181
211
165
235
142
203
171
179
199
237
133
389
230
208
220
190
209
159
200
232
190
351
215
128
173
218
187
219
207
179
348
198
189
329
205
177
210
198
217
129
195
186
170
188
204
307
211
178
208
216
194
301
238
111
238
214
200
186
170
197
254
112
201
177
175
176
241
174
169
149
178
144
234
204
211
183
185
180
185
185
215
195
242
172
172
207
231
225
152
193
215
157
183
179
181
221
187
208
181
181
211
132
217
172
218
182
242
164
223
232
206
213
227
198
202
171
225
317
214
209
160
285
176
204
217
149
222
209
337
238
179
192
211
216
181
176
189
237
207
202
225
201
238
217
187
217
219
209
187
227
189
213
201
303
214
193
198
190
224
166
208
153
212
219
226
169
203
373
196
309
174
211
201
323
213
232
221
176
220
219
173
164
228
188
169
218
221
201
175
274
190
197
195
177
221
191
218
209
177
127
216
338
147
205
204
204
182
237
309
194
339
238
193
181
195
210
235
203
194
197
154
206
127
195
240
235
294
174
219
223
223
227
166
204
225
230
173
197
216
189
200
157
209
201
276
144
201
203
227
211
219
186
222
202
212
134
230
200
201
169
174
178
206
304
257
237
173
310
228
205
190
157
142
246
226
197
187
348
182
333
196
198
203
228
185
198
171
217
206
227
200
174
127
182
294
178
212
231
218
230
232
183
163
182
153
285
178
316
201
237
193
223
231
189
222
221
206
219
160
198
208
195
228
190
287
194
205
207
213
192
187
215
222
212
299
201
180
329
217
217
229
238
199
201
204
223
226
154
194
182
349
311
132
143
188
187
190
207
206
206
223
190
211
205
188
259
214
132
205
191
185
214
217
223
209
189
212
216
139
227
211
221
290
180
188
160
316
207
145
235
201
214
210
192
248
198
223
201
207
178
222
244
237
166
229
164
218
273
124
226
183
226
224
150
202
207
205
181
187
226
214
172
197
196
230
204
178
230
222
194
225
172
209
181
195
242
224
222
251
199
193
222
206
267
197
221
188
195
199
223
215
163
217
167
195
243
181
157
199
174
211
327
189
178
202
180
187
190
198
195
159
201
195
203
220
221
222
224
208
190
239
191
185
162
209
207
219
190
231
329
162
196
231
201
202
176
118
242
185
197
232
193
216
192
237
205
138
192
219
279
211
150
189
214
143
186
239
178
188
231
212
236
222
246
160
256
204
192
247
193
209
210
235
196
211
200
206
155
229
191
199
193
209
347
239
199
172
200
231
234
152
188
263
219
208
205
165
178
192
201
273
194
173
174
204
306
119
175
253
188
170
193
181
170
261
228
233
247
221
188
239
189
348
237
209
215
230
216
212
232
173
225
419
207
190
208
228
374
188
186
164
206
176
228
197
147
235
209
211
205
199
172
216
137
174
203
197
161
181
169
171
221
189
227
210
177
193
202
220
199
221
198
160
90
329
212
225
332
191
184
195
220
208
224
204
213
206
204
141
208
199
228
156
328
217
145
189
184
328
354
206
201
155
208
188
194
326
218
228
169
181
192
199
268
354
213
118
221
216
216
191
248
243
164
236
301
488
232
261
192
172
183
186
214
202
184
199
209
181
225
213
186
226
201
174
309
216
158
194
173
308
194
226
305
193
158
320
163
232
206
180
195
207
330
224
197
197
206
221
362
157
439
181
212
237
238
200
181
124
161
204
218
196
83
333
228
161
238
189
194
183
230
186
215
235
335
190
221
319
195
214
149
234
155
178
320
189
282
240
175
191
215
168
242
245
208
206
186
224
228
220
173
214
197
190
203
118
139
211
167
213
204
171
216
185
162
235
230
213
175
216
196
190
142
209
159
230
233
192
219
206
196
220
167
206
186
180
216
194
453
151
189
197
198
195
211
176
215
186
195
179
248
157
254
278
191
223
221
220
199
123
197
218
177
213
340
210
227
192
187
231
195
160
214
155
214
107
204
318
187
196
196
217
126
327
182
215
155
298
207
202
184
161
187
179
229
293
228
200
212
95
192
219
375
343
200
181
188
199
248
173
161
141
141
211
210
235
208
169
346
212
336
166
235
208
166
189
218
184
208
186
245
166
230
211
226
365
198
132
228
242
203
260
330
157
170
207
198
181
233
169
233
197
248
212
190
172
229
202
233
218
154
222
179
225
194
359
160
334
193
188
229
223
220
236
209
169
341
246
345
195
221
171
196
228
222
140
186
166
165
196
190
247
291
206
209
216
197
164
352
218
218
204
191
179
219
193
205
131
201
203
195
203
202
215
121
242
216
238
199
181
335
351
269
192
195
238
179
173
167
209
229
171
217
199
197
181
159
206
233
185
307
164
162
206
193
201
257
236
240
195
222
159
194
235
226
193
211
198
168
203
205
297
343
208
344
230
232
352
185
207
180
201
176
311
205
222
179
212
220
200
225
179
195
139
213
158
208
220
146
190
225
200
208
199
241
192
214
217
127
192
246
190
197
343
144
199
148
203
219
327
236
157
173
215
228
202
214
195
73
245
198
170
240
221
184
215
242
201
167
211
207
206
236
141
202
197
252
190
223
221
142
206
254
343
181
221
200
187
193
184
222
203
177
464
228
260
225
225
217
197
297
151
