143
218
159
246
209
170
148
175
180
180
173
215
166
178
173
195
174
194
143
156
215
131
137
154
163
225
139
179
165
160
183
179
177
164
194
118
181
137
184
128
148
194
137
116
178
192
207
161
169
207
193
192
202
181
305
137
177
183
141
183
168
140
186
182
169
132
172
150
132
123
169
158
188
184
164
114
141
129
172
122
169
122
168
178
134
143
108
184
132
147
208
172
158
178
122
177
117
284
161
203
158
213
148
180
146
280
182
122
182
209
127
180
148
134
174
121
167
179
134
201
187
185
194
157
150
181
164
162
129
239
156
148
174
155
177
165
138
201
191
164
175
124
206
174
181
141
184
172
173
158
148
190
163
123
147
169
142
139
205
169
162
148
184
181
196
183
198
181
158
154
175
201
182
128
163
188
174
144
168
147
126
197
193
141
190
208
192
175
199
148
169
197
290
199
141
178
136
111
147
143
166
206
134
194
152
221
139
133
186
131
131
115
174
154
262
215
173
180
207
151
185
141
198
123
117
133
183
164
147
172
163
193
188
186
178
165
199
170
221
170
159
165
167
150
146
215
185
167
187
170
184
147
179
151
191
200
172
144
200
144
176
135
134
189
185
167
185
155
150
155
126
145
207
181
155
152
168
202
126
156
172
193
197
215
184
166
199
161
120
145
211
150
147
134
223
138
141
150
300
140
131
174
191
162
116
208
164
195
178
175
155
176
149
200
130
120
164
178
159
126
161
151
272
125
170
100
200
169
146
157
177
172
158
167
105
185
132
131
152
151
161
198
148
138
152
141
175
163
179
165
139
218
208
245
148
93
174
148
142
182
181
153
170
170
184
156
175
192
177
190
167
177
217
149
194
208
200
72
169
164
183
160
166
134
166
193
145
223
86
137
166
125
196
136
152
188
164
113
201
174
191
272
143
170
146
148
175
130
298
198
202
163
152
141
170
131
108
210
191
205
119
128
163
156
189
178
170
170
180
207
187
169
207
187
96
283
144
155
145
169
175
143
132
204
119
171
143
141
182
159
190
172
164
204
185
216
184
204
210
103
139
198
147
129
187
133
140
173
151
143
137
150
160
200
141
190
137
244
131
173
184
201
136
184
215
130
155
277
177
167
119
177
146
143
220
161
103
169
168
188
148
108
155
178
160
193
152
207
181
126
173
150
159
140
242
99
183
158
149
184
147
147
191
163
221
114
184
151
164
156
118
203
201
158
116
130
174
172
177
184
175
207
159
176
214
192
170
190
138
169
137
225
178
209
128
126
197
142
196
139
191
181
139
160
182
152
174
103
147
195
153
135
147
175
185
165
177
208
161
192
146
141
208
144
131
178
157
175
190
196
190
141
162
169
174
209
174
204
155
151
180
214
200
151
198
149
166
132
157
162
163
143
166
160
190
164
166
148
178
149
142
159
134
159
154
70
170
191
183
182
164
169
126
184
228
175
189
163
167
153
193
150
186
136
157
185
173
191
180
119
187
158
162
148
134
205
163
182
197
156
189
148
180
171
152
168
129
179
161
135
170
127
154
136
170
177
147
154
119
171
276
146
163
217
140
171
195
155
150
168
171
150
160
146
211
140
215
152
196
142
210
141
193
184
218
137
193
177
148
139
244
154
162
276
148
194
205
115
191
198
193
138
136
161
170
199
151
145
155
157
208
171
146
182
228
179
170
157
167
160
124
187
165
171
126
121
138
183
130
158
136
198
196
130
145
157
187
162
117
159
166
134
179
139
190
158
126
178
174
146
169
228
111
166
154
151
218
173
181
155
150
172
175
197
147
149
161
263
177
119
202
125
175
126
181
200
164
90
187
157
199
260
147
167
176
170
227
188
178
180
197
208
232
193
119
191
181
170
193
137
136
139
178
193
158
147
192
217
167
143
174
192
190
177
155
195
213
166
168
108
158
173
107
194
191
91
167
152
166
133
166
128
163
206
191
210
175
141
131
133
202
201
128
181
165
145
201
182
150
142
159
189
129
165
151
166
194
158
146
195
125
174
219
176
152
179
150
135
240
177
157
115
163
186
118
118
178
162
147
197
205
162
196
155
176
159
194
269
144
134
162
159
154
145
179
219
157
119
143
164
172
169
154
103
155
172
194
115
147
190
126
198
125
193
199
107
159
169
236
190
140
128
158
123
147
158
178
122
168
158
163
217
166
201
130
117
126
119
172
159
156
247
152
158
179
161
151
169
154
227
162
122
165
199
147
146
162
136
166
145
166
375
186
179
143
157
210
171
177
88
332
162
160
189
203
144
120
199
209
160
220
211
184
193
198
213
177
172
192
179
137
150
185
142
157
110
126
146
135
189
181
162
157
172
177
245
111
149
197
198
179
136
123
204
183
137
134
155
133
163
213
174
111
322
94
172
180
123
152
198
96
180
223
137
168
154
114
197
139
195
117
157
142
173
200
193
140
163
191
185
205
123
115
182
156
190
154
144
146
138
165
165
131
168
146
188
155
170
147
146
169
201
156
128
173
177
176
148
101
189
185
146
201
182
167
156
187
196
118
179
165
151
229
158
175
192
156
197
187
160
170
147
174
168
142
158
154
167
143
214
201
189
164
178
113
168
274
128
175
176
155
168
190
156
117
168
213
100
116
138
213
185
140
135
166
184
179
158
142
210
159
130
181
92
188
147
223
102
165
168
153
171
142
150
192
178
130
185
196
200
184
155
116
113
147
184
170
166
176
166
202
120
144
168
113
188
165
150
166
168
142
202
141
138
196
165
176
125
169
185
139
131
170
165
189
164
145
177
141
137
164
151
137
125
147
281
236
169
158
183
203
186
174
171
150
176
177
135
137
162
126
128
156
112
172
172
94
190
170
206
155
178
134
155
195
165
134
142
165
303
126
184
134
140
222
166
137
175
205
166
162
155
274
211
192
161
169
159
173
111
151
179
107
209
100
123
190
123
204
174
156
148
133
214
117
187
135
184
191
165
173
171
162
222
179
146
182
156
171
194
163
167
160
144
149
187
144
127
154
172
176
118
157
158
186
151
197
204
163
128
154
126
201
105
176
168
132
209
168
200
163
192
273
192
189
173
174
134
153
145
207
196
192
211
174
219
153
229
180
217
131
270
176
153
200
310
113
196
195
151
175
132
164
161
110
160
184
179
143
167
298
186
119
191
164
189
176
189
132
125
192
168
178
189
106
128
142
143
158
197
182
150
157
158
146
174
154
188
155
148
180
194
130
163
184
182
140
179
131
200
148
190
174
196
128
115
136
171
161
231
99
202
173
172
130
173
149
178
198
160
170
162
116
159
113
119
148
202
195
115
236
137
159
125
171
142
174
163
137
193
165
301
161
134
191
95
194
160
208
177
187
133
207
122
195
138
143
175
236
187
160
180
192
151
200
184
178
222
201
179
181
131
145
128
129
177
168
134
151
78
197
111
178
159
196
134
135
214
181
184
221
153
146
181
204
158
153
149
159
189
260
125
136
194
157
148
140
139
236
169
153
151
142
169
150
127
207
143
201
167
129
157
139
98
142
150
196
164
157
161
171
214
133
143
164
141
195
193
163
160
162
149
141
147
206
196
142
146
144
216
187
147
163
181
171
124
235
148
195
153
294
224
272
193
126
123
145
147
142
141
144
150
218
127
166
179
179
167
145
102
134
219
160
190
167
117
111
138
173
156
156
150
242
182
124
150
115
202
205
156
127
149
178
159
212
189
158
185
208
77
233
208
148
137
180
132
132
137
178
141
212
182
198
162
142
109
203
169
170
198
139
180
146
154
164
172
159
138
189
211
147
156
139
193
122
175
176
123
180
178
170
197
152
135
248
108
175
177
150
196
191
188
169
136
171
178
206
160
183
205
165
159
181
181
188
196
173
178
124
207
152
151
197
215
150
176
135
173
153
127
302
71
168
158
186
173
180
128
163
176
179
216
154
153
143
151
148
157
177
156
160
159
174
123
154
122
154
167
170
112
89
114
166
207
158
119
148
137
157
165
189
179
158
144
126
157
165
154
152
148
142
193
171
165
173
229
177
119
178
212
157
156
362
154
146
138
94
115
184
127
158
150
137
149
196
140
142
139
165
154
160
141
154
184
153
217
135
115
177
181
159
130
157
169
147
167
172
164
183
191
195
175
206
136
143
196
147
115
198
159
203
177
161
271
165
126
178
172
192
163
121
171
165
209
113
160
167
180
168
134
202
156
160
156
165
146
147
130
199
118
165
183
147
174
153
155
150
121
167
199
178
207
191
144
180
147
177
162
136
190
159
187
156
147
112
149
203
190
169
116
164
116
178
126
183
171
192
184
184
133
145
217
116
135
157
147
177
148
164
180
219
224
197
165
189
183
146
153
179
214
155
131
121
124
153
200
143
223
165
286
199
165
161
158
241
193
152
178
193
200
212
182
156
187
190
211
147
139
142
199
149
184
193
157
177
163
159
161
194
167
137
170
196
136
113
191
154
194
196
104
157
164
174
106
149
219
152
163
176
138
157
152
168
155
190
198
233
118
123
163
126
187
169
152
192
143
186
64
192
171
189
186
158
202
176
174
181
131
174
211
147
163
121
140
162
171
107
139
175
197
162
141
200
192
127
181
166
160
183
132
171
132
162
175
194
147
148
204
149
177
204
88
136
137
170
178
194
166
181
131
159
141
180
185
152
198
184
174
172
211
130
193
188
231
115
180
210
169
170
172
174
184
144
206
175
191
167
162
192
170
149
181
113
157
174
171
158
158
162
117
107
154
209
178
182
159
190
120
207
145
183
186
165
162
161
160
144
109
116
120
120
145
109
167
173
160
202
135
151
143
117
179
165
162
115
157
177
151
201
192
157
191
179
168
137
149
130
128
151
190
129
133
157
189
132
138
157
135
201
201
166
180
174
165
280
182
140
133
166
136
167
200
223
144
174
171
167
167
128
171
163
129
143
156
158
178
191
147
158
142
156
200
154
151
123
129
197
206
283
175
200
167
121
202
191
170
184
122
160
100
141
202
173
155
93
212
159
125
122
156
181
147
198
207
138
230
124
177
184
194
126
191
173
116
211
150
134
132
170
152
241
145
172
204
156
169
166
148
163
200
113
194
168
124
151
123
165
189
181
188
92
149
128
163
168
192
165
183
140
181
206
143
173
218
167
220
187
133
158
177
145
159
162
177
137
131
149
199
161
198
134
152
146
201
146
161
154
198
150
153
133
148
234
137
165
197
130
140
156
173
180
225
149
100
191
151
155
150
145
171
175
161
177
181
144
164
130
128
159
144
178
181
147
173
114
154
134
156
119
148
166
142
95
199
190
149
169
189
193
160
204
146
159
106
168
203
201
94
165
204
176
168
155
174
153
190
196
139
99
196
227
165
168
189
119
240
169
146
250
141
179
192
137
171
186
204
110
119
165
161
152
125
176
128
201
140
205
133
196
161
168
171
183
138
209
187
114
178
186
189
200
149
167
87
186
143
175
171
168
209
145
160
130
177
183
172
130
136
225
196
153
180
108
146
180
163
130
148
152
112
134
122
165
200
102
198
192
141
107
104
186
114
216
182
174
214
187
186
198
133
201
184
210
183
190
157
152
142
200
152
128
127
131
178
132
230
171
149
150
160
147
135
239
163
214
165
117
114
206
135
168
195
166
129
155
194
157
183
130
159
152
88
193
250
136
175
130
132
114
199
109
224
170
188
179
188
210
212
164
179
188
108
105
161
220
135
169
126
168
161
166
140
129
182
170
190
169
149
147
165
185
175
156
138
162
184
157
101
133
178
128
144
140
148
177
161
169
177
183
207
212
185
139
201
154
150
213
177
130
274
172
170
147
166
162
128
176
198
145
286
145
121
187
161
144
201
323
185
189
177
139
178
174
118
168
151
180
205
142
132
222
157
226
167
148
256
158
147
218
150
174
139
190
185
169
110
161
239
174
180
165
161
182
153
174
210
188
199
187
175
225
140
215
174
157
176
194
140
164
206
183
210
161
150
220
177
176
209
107
171
142
180
199
178
173
174
164
191
179
180
161
177
150
186
173
140
147
119
134
130
139
176
159
158
171
119
191
115
82
135
170
192
167
116
202
138
188
217
147
141
121
153
189
174
210
157
146
132
159
122
197
91
157
138
185
294
165
120
143
190
157
112
126
172
157
141
176
158
188
137
207
142
157
191
191
176
148
112
144
139
154
157
203
217
179
172
144
149
169
170
183
137
160
95
173
172
133
173
101
193
165
179
99
212
186
95
168
180
160
149
119
157
189
189
163
137
183
147
156
201
214
153
171
185
121
182
156
110
188
157
156
137
145
180
189
171
175
200
164
134
172
177
193
142
213
141
194
121
167
216
196
157
192
134
171
155
125
183
134
203
174
140
147
177
202
163
109
177
162
195
182
190
136
194
161
207
167
169
194
166
104
159
206
195
175
140
203
169
122
179
150
172
129
172
174
174
172
152
170
199
192
159
153
171
163
159
184
186
145
130
165
196
151
179
121
120
147
143
105
114
98
168
136
162
187
168
200
178
117
147
179
174
189
177
116
107
197
175
187
122
156
209
166
148
194
164
126
177
190
154
200
180
192
157
149
143
157
187
163
188
165
140
129
190
172
138
177
172
231
219
170
178
208
160
161
128
154
217
176
164
149
182
144
357
179
145
174
149
157
169
136
237
164
146
161
158
149
197
205
153
173
133
162
205
178
154
114
201
223
180
192
124
169
179
142
160
75
152
194
204
129
152
176
194
148
160
182
177
153
128
170
195
99
255
130
129
169
116
118
164
159
127
139
209
139
176
206
124
213
246
161
184
164
187
116
161
175
94
188
187
111
196
162
155
181
174
136
173
115
161
214
154
184
142
146
170
166
169
197
196
156
180
140
175
155
141
213
136
178
158
126
158
150
185
169
156
175
178
130
139
163
292
184
172
223
226
189
155
136
110
166
167
109
154
145
192
148
183
113
203
151
180
165
177
205
192
152
174
161
173
162
98
117
154
202
182
121
156
204
125
173
154
145
181
164
171
186
175
302
213
160
171
125
153
122
165
180
131
190
191
126
144
186
158
205
147
119
198
131
146
110
145
193
124
129
159
130
151
138
139
117
142
150
152
148
190
148
184
167
143
162
165
142
151
193
224
191
118
194
149
192
152
233
127
145
204
151
118
154
189
189
179
154
140
157
170
210
224
161
185
185
189
98
158
134
174
136
185
137
134
174
164
127
147
184
188
189
101
139
141
125
163
192
170
152
180
148
196
180
149
169
106
175
137
160
184
228
159
151
156
116
214
229
200
181
161
152
182
183
172
155
213
113
214
130
158
150
166
135
290
157
152
166
124
148
137
112
171
123
138
136
182
150
120
172
187
182
168
121
87
135
97
168
128
211
133
166
179
178
96
151
169
183
155
150
149
97
112
84
169
170
201
192
125
178
183
128
198
169
169
113
165
153
176
263
169
195
108
166
147
145
170
160
120
280
181
152
162
150
181
120
114
162
167
130
141
153
170
233
176
155
185
140
164
166
218
167
200
211
201
192
195
133
174
181
172
179
144
182
170
144
119
173
199
129
138
247
130
153
203
151
211
208
145
124
151
133
148
160
119
177
177
162
188
128
151
130
190
274
129
181
216
133
212
151
185
135
188
200
133
153
158
194
170
194
157
176
155
150
179
176
163
159
169
162
161
157
163
150
152
112
177
125
131
296
170
168
136
183
187
138
177
92
145
177
177
168
203
194
153
212
148
200
188
163
106
134
155
145
157
173
193
193
176
163
170
146
207
146
143
175
196
180
183
199
183
163
147
152
184
188
168
211
166
180
178
151
207
156
172
146
193
93
170
172
159
115
177
124
171
153
148
195
141
159
198
170
195
176
85
164
165
125
147
192
165
147
200
181
167
141
154
184
122
257
169
196
195
126
127
175
169
218
134
150
129
145
214
163
190
194
89
197
167
92
188
211
164
164
110
198
159
194
197
151
190
145
175
139
157
186
138
164
170
225
205
146
120
175
175
148
141
157
196
168
91
162
184
214
184
172
131
139
132
154
138
136
174
302
152
190
142
180
185
136
163
132
140
79
173
156
185
159
190
280
146
147
168
202
179
150
163
137
164
152
156
141
163
210
166
212
153
214
166
216
122
207
170
206
156
162
183
115
167
182
186
171
148
82
123
167
134
142
147
151
120
138
171
161
126
127
178
113
197
183
140
188
134
175
148
198
202
176
127
157
155
175
157
192
154
201
162
84
159
177
184
142
164
180
172
136
177
124
205
204
178
145
150
153
217
144
164
229
141
125
192
205
206
176
202
180
182
166
153
164
201
153
201
159
222
194
178
167
158
166
131
141
156
137
119
180
152
183
186
179
276
317
124
201
159
200
160
167
149
168
181
179
129
186
206
187
154
313
194
129
184
190
157
165
152
190
130
74
203
201
152
166
290
186
183
165
124
132
182
171
181
206
92
168
154
130
131
162
221
153
191
166
187
174
182
142
159
123
157
180
188
209
159
145
203
188
150
144
156
166
180
160
128
125
170
150
194
136
177
147
183
196
139
136
127
170
195
181
127
118
174
161
156
193
179
211
111
162
132
186
172
165
152
117
161
174
162
220
132
170
173
142
151
165
126
148
182
162
151
103
170
135
140
148
120
159
146
184
182
280
202
119
173
179
187
153
122
170
149
146
211
189
155
146
145
134
172
167
176
162
165
194
191
274
180
169
211
163
177
218
157
146
162
142
187
121
197
182
147
122
218
148
167
171
198
194
196
169
223
149
147
309
138
156
204
172
184
125
184
135
203
137
166
217
96
161
154
162
188
144
121
209
181
192
162
119
117
190
156
160
94
191
295
135
169
120
178
129
201
178
203
191
172
179
161
163
147
195
141
160
171
240
150
176
149
180
178
150
221
161
193
144
140
149
177
212
213
215
164
133
176
168
193
149
114
139
103
143
160
155
129
126
151
111
123
174
174
185
132
112
202
206
158
143
131
193
159
196
175
216
155
146
190
135
167
154
110
177
180
187
153
140
152
273
171
171
152
129
205
145
174
169
160
272
147
196
114
180
175
127
202
192
152
135
193
187
164
158
136
184
199
202
207
170
161
171
163
138
184
183
130
163
137
140
128
189
195
143
183
206
100
178
162
151
178
140
143
139
130
133
153
126
188
196
194
151
183
174
170
131
185
141
159
132
146
142
117
201
199
198
172
189
147
189
176
145
130
163
141
221
168
127
111
94
210
163
152
130
128
159
178
123
105
153
135
126
207
171
172
153
208
314
161
153
162
122
171
139
111
147
130
170
155
124
190
174
193
151
180
146
189
133
189
119
174
163
235
154
144
159
160
163
261
154
159
148
88
169
235
159
149
179
149
273
167
197
160
159
154
141
176
160
203
165
156
157
188
144
162
141
203
172
174
188
229
186
196
175
163
119
135
163
141
152
187
175
152
170
211
191
201
158
154
101
176
191
133
199
219
191
305
136
135
120
171
119
182
162
140
175
234
173
129
175
182
187
183
140
186
134
176
151
216
136
140
196
179
185
167
129
143
160
135
183
194
171
168
135
141
177
157
171
170
171
166
127
146
188
163
125
180
201
192
162
149
159
137
128
186
109
156
179
189
192
164
200
178
167
172
126
163
188
214
161
170
199
227
136
168
165
164
149
174
190
141
197
128
211
179
152
192
169
178
121
176
188
199
168
77
153
198
163
191
186
125
174
148
164
163
185
172
174
204
163
135
181
125
149
203
177
176
190
187
158
194
187
148
159
196
153
181
142
202
141
87
172
187
157
148
154
125
199
156
167
180
195
203
143
178
167
170
161
180
117
183
148
148
101
137
202
168
159
128
177
208
197
171
108
229
157
162
165
187
230
216
152
171
170
176
186
155
154
200
189
141
140
146
194
176
203
146
139
173
137
159
171
165
176
182
196
190
131
326
168
113
181
165
118
200
154
131
156
148
195
178
143
189
131
166
176
99
204
253
188
202
147
192
151
109
162
199
173
156
201
161
164
191
167
85
181
77
150
239
217
153
153
178
123
129
198
190
170
212
179
200
170
168
138
197
119
149
157
211
215
200
134
167
172
181
179
136
149
139
142
201
143
182
196
148
177
163
143
159
91
176
168
189
116
183
184
145
163
193
187
147
140
159
165
134
165
172
161
169
158
163
134
136
149
165
178
179
135
179
170
184
165
130
85
212
116
170
116
204
140
129
138
157
194
164
104
151
153
186
160
154
181
178
93
131
179
247
150
134
167
187
152
198
139
165
172
174
156
220
176
303
183
192
201
148
162
184
192
172
112
117
195
185
172
114
123
185
154
145
167
193
164
137
176
177
122
195
179
158
210
96
115
149
210
188
122
224
161
196
124
153
161
186
114
176
119
161
157
146
137
227
144
191
144
318
140
147
189
175
158
200
179
171
142
180
155
132
155
228
170
166
101
151
174
211
125
182
152
229
204
206
228
122
176
202
151
145
171
138
166
215
152
189
280
181
197
147
198
169
143
152
147
176
114
207
82
168
154
171
171
139
152
105
181
125
194
169
197
167
155
121
185
213
211
159
150
202
204
170
140
165
152
163
126
135
158
190
166
194
132
186
218
161
187
159
133
141
163
176
152
164
140
157
167
197
121
164
200
157
178
159
146
204
161
193
167
161
215
159
194
181
179
106
168
155
161
137
118
160
195
183
180
185
150
169
199
191
178
167
189
216
175
181
168
110
191
149
152
101
160
163
145
164
195
134
189
138
158
174
165
199
158
97
156
172
182
145
190
140
136
152
147
190
182
135
168
174
197
135
182
132
157
182
208
161
143
119
91
136
213
150
181
134
106
156
128
160
214
134
220
158
156
158
139
152
164
128
198
187
191
143
169
184
179
200
152
169
184
194
162
182
79
131
205
185
145
167
178
126
161
156
186
155
164
115
126
263
138
176
142
174
174
262
181
194
147
166
129
99
208
168
186
165
238
152
171
233
136
210
111
199
131
127
204
189
162
161
195
183
163
152
152
148
174
165
162
128
126
171
225
196
227
268
150
197
195
181
158
124
173
203
154
157
187
151
159
201
178
180
193
169
156
163
190
157
163
124
143
173
185
146
150
164
187
145
213
109
152
109
163
161
136
183
176
303
118
197
192
151
168
167
185
152
192
203
143
141
206
160
174
154
172
126
157
127
161
164
153
184
154
257
158
141
112
200
179
175
122
159
185
215
159
163
181
93
239
177
167
192
188
197
160
198
121
154
184
146
101
155
147
171
154
100
175
165
159
197
167
176
160
235
177
116
139
138
172
136
185
168
181
139
196
168
151
186
183
207
152
187
152
171
193
137
211
170
185
154
139
178
208
144
178
157
187
212
209
168
169
190
131
162
120
119
194
151
165
181
156
136
145
163
151
197
142
142
161
193
211
192
135
172
185
192
172
150
147
203
186
132
186
145
160
174
197
134
160
149
142
136
157
166
146
230
163
180
107
210
168
271
140
150
143
166
118
143
158
216
154
114
208
136
158
88
159
157
145
121
110
153
180
186
216
162
163
168
206
165
137
148
191
141
187
184
162
139
127
134
128
130
191
283
176
152
169
191
177
171
178
159
199
171
208
197
147
145
135
193
178
164
198
144
145
172
200
181
141
171
167
184
158
125
201
198
136
237
150
184
136
122
209
209
148
231
155
262
143
164
156
185
196
191
185
197
194
141
207
181
142
175
190
141
181
205
146
186
215
141
172
169
165
221
178
146
206
164
198
146
163
103
182
172
99
172
99
181
192
163
161
158
125
129
164
193
103
216
196
186
163
203
157
168
209
207
156
117
160
160
135
178
189
206
125
156
167
188
189
134
220
189
182
146
201
169
155
194
231
159
145
168
184
194
167
164
221
183
188
166
149
189
179
164
159
126
189
146
195
158
100
166
178
175
174
259
195
141
184
157
147
194
180
163
173
137
182
152
197
181
144
189
168
148
172
152
231
132
152
138
148
176
151
139
188
116
152
184
200
126
179
180
161
149
189
134
151
163
143
202
170
183
169
216
141
181
147
162
116
163
126
197
199
165
77
156
176
109
157
138
196
123
130
201
150
153
195
175
203
138
129
202
153
185
169
95
187
164
176
176
165
178
190
178
166
151
160
150
165
188
156
192
135
119
163
172
324
128
224
192
176
168
162
191
167
165
115
240
174
126
154
143
189
154
192
195
192
167
203
109
217
172
170
323
195
86
193
165
172
232
187
192
166
152
174
132
172
138
162
153
110
122
103
156
179
154
167
201
128
181
293
118
144
204
161
195
161
123
131
171
174
186
190
196
139
213
196
200
176
162
171
126
198
139
207
159
138
150
148
150
120
165
209
197
161
145
168
154
158
106
174
161
157
158
146
140
174
161
274
111
115
203
173
121
149
179
167
124
160
124
180
147
143
157
146
174
161
167
202
177
202
231
118
268
204
196
177
164
171
194
174
147
148
188
155
125
159
150
280
153
160
150
168
150
168
151
198
166
133
153
152
235
151
162
185
149
214
182
235
155
149
193
122
148
156
141
152
167
192
210
127
121
151
206
141
184
176
121
177
152
191
179
153
168
178
162
160
118
182
208
214
137
211
132
186
185
141
171
166
136
176
159
152
184
181
271
160
151
105
147
165
311
132
99
160
153
160
110
135
148
170
173
84
182
153
193
159
167
168
173
148
173
142
143
174
173
159
175
102
166
150
153
171
145
210
115
140
165
143
116
182
188
138
157
173
186
200
135
100
182
161
172
200
211
117
184
194
164
166
207
202
211
152
137
177
130
141
163
217
163
158
230
183
197
157
145
139
149
187
150
203
186
198
174
174
137
178
128
128
145
161
119
138
167
156
191
123
171
145
180
154
188
188
148
181
130
184
156
161
149
167
122
151
152
152
163
221
166
231
135
142
172
147
171
178
179
158
130
169
173
201
161
148
202
172
158
128
155
178
165
146
182
109
135
142
179
198
258
100
223
121
137
178
170
171
207
150
139
162
117
199
195
197
191
157
166
171
153
156
154
140
214
199
155
130
171
171
195
182
176
132
154
155
157
209
154
132
250
173
114
171
161
153
173
201
121
198
122
181
119
191
255
141
128
146
162
170
160
183
152
155
137
192
165
199
190
203
192
153
136
154
132
129
161
173
147
164
99
230
66
158
103
154
146
193
145
124
173
176
174
251
139
117
161
150
187
177
151
193
115
167
171
162
146
170
177
102
143
175
176
286
131
183
197
196
197
184
177
168
178
190
155
189
211
159
186
171
165
152
203
166
108
190
221
169
142
213
191
174
165
86
166
154
149
176
180
167
184
145
145
162
209
156
151
134
187
186
156
163
146
182
168
183
153
164
150
178
138
147
157
141
177
198
125
186
264
190
129
158
179
170
177
138
182
144
113
161
138
150
209
183
201
160
224
185
136
148
178
204
159
157
188
162
220
129
76
112
182
147
187
157
170
184
155
157
168
171
188
201
138
147
175
155
179
216
188
185
142
190
178
172
138
194
213
170
115
150
164
195
193
167
160
178
157
180
166
191
200
208
199
157
157
122
187
219
165
141
170
174
179
160
131
124
143
173
125
131
182
204
133
104
125
178
193
183
196
160
176
195
170
157
186
148
154
155
114
127
184
212
163
149
178
197
164
175
242
157
168
211
199
168
187
171
206
168
225
160
157
120
228
142
187
153
186
169
159
203
189
158
184
163
167
167
191
117
238
129
197
144
118
189
165
163
258
176
162
196
194
189
173
212
176
186
136
193
147
166
147
133
135
142
160
196
159
145
181
182
184
147
159
139
198
168
193
156
159
285
143
142
104
103
164
152
184
193
157
189
182
158
112
201
107
173
162
136
107
109
181
126
204
149
192
153
118
165
177
157
178
188
233
122
117
108
155
207
203
136
124
182
186
150
167
199
147
91
125
178
274
165
143
128
156
155
214
118
144
134
171
160
161
185
187
175
111
130
188
169
197
159
177
132
167
124
144
55
133
225
164
176
167
184
199
190
128
178
164
138
129
169
182
123
117
165
123
165
120
187
197
174
157
188
151
161
192
159
146
195
215
198
154
279
215
196
182
182
164
163
288
163
151
158
168
149
168
207
134
190
149
200
186
181
186
182
156
137
188
166
129
170
115
187
177
52
134
165
192
153
217
150
175
211
201
159
177
166
127
164
116
181
126
166
228
178
145
109
193
148
193
193
135
168
161
159
187
160
152
137
247
139
177
162
155
199
196
174
161
187
166
166
172
117
217
165
152
170
262
185
157
150
115
154
117
200
148
184
182
147
189
204
130
170
162
160
207
165
174
127
168
119
201
130
180
210
127
125
163
181
153
202
171
116
184
155
141
211
204
148
94
186
166
167
152
153
161
164
205
184
156
196
155
121
138
150
159
170
201
195
195
155
140
171
197
135
125
162
194
175
154
174
158
171
245
188
215
205
135
199
166
141
169
164
170
163
145
114
151
203
191
139
174
168
196
137
124
148
142
150
131
176
156
162
174
177
162
210
128
193
143
174
139
198
113
110
147
138
160
195
179
154
186
141
173
173
165
128
122
155
158
239
232
213
167
147
176
138
198
163
194
180
121
177
212
99
172
173
177
149
163
156
141
155
217
164
144
302
134
235
237
151
294
209
167
118
266
107
136
205
135
198
159
112
169
156
211
187
134
168
220
169
130
202
316
178
211
183
211
203
203
163
193
143
210
136
176
175
195
134
167
137
96
138
216
194
132
219
166
185
153
195
168
147
165
148
165
182
133
127
149
114
164
163
150
131
173
147
145
132
117
148
183
110
88
139
123
180
203
182
182
138
157
169
106
192
185
156
167
148
161
205
158
159
151
166
165
184
156
82
192
136
144
149
105
300
151
170
115
162
133
139
193
196
185
155
154
190
202
183
172
122
129
193
156
179
185
194
152
166
227
170
148
143
190
170
170
189
174
157
156
155
171
168
136
113
168
138
197
171
172
167
306
180
172
127
184
138
156
145
191
152
175
115
138
132
151
174
169
113
143
171
151
121
129
147
179
194
207
189
146
172
150
174
109
182
212
176
134
176
150
125
149
206
149
156
148
176
117
147
142
161
170
141
138
153
118
151
131
156
161
148
160
175
141
179
288
168
148
172
137
154
132
187
291
157
162
141
192
177
145
179
136
178
172
160
191
67
123
192
209
159
188
201
146
178
220
178
128
166
180
155
178
218
185
170
161
188
270
159
182
